-0.421833333   0.843666667    0.026123136
-0.425166667   0.850333333   -0.149391684
-0.4285        0.857         -0.315926676
-0.431833333   0.863666667   -0.474026072
-0.435166667   0.870333333   -0.623961988
-0.4385        0.877         -0.765734424
-0.441833333   0.883666667   -0.900159728
-0.445166667   0.890333333   -1.0272379
-0.4485        0.897         -1.147513172
-0.451833333   0.903666667   -1.260713428
-0.455166667   0.910333333   -1.367927132
-0.4585        0.917         -1.468610052
-0.461833333   0.923666667   -1.563578536
-0.465166667   0.930333333   -1.652832584
-0.4685        0.937         -1.736644312
-0.471833333   0.943666667   -1.815285836
-0.475166667   0.950333333   -1.889029272
-0.4785        0.957         -1.95787462
-0.481833333   0.963666667   -2.022093996
-0.485166667   0.970333333   -2.081959516
-0.4885        0.977         -2.13747118
-0.491833333   0.983666667   -2.188901104
-0.495166667   0.990333333   -2.23679352
-0.4985        0.997         -2.280604196
-0.501833333   1.003666667   -2.32114948
-0.505166667   1.010333333   -2.358157256
-0.5085        1.017         -2.39189964
-0.511833333   1.023666667   -2.422648748
-0.515166667   1.030333333   -2.45040458
-0.5185        1.037         -2.475167136
-0.521833333   1.043666667   -2.497480648
-0.525166667   1.050333333   -2.516800884
-0.5285        1.057         -2.533944192
-0.531833333   1.063666667   -2.548638456
-0.535166667   1.070333333   -2.561155792
-0.5385        1.077         -2.571224084
-0.541833333   1.083666667   -2.579387564
-0.545166667   1.090333333   -2.585646232
-0.5485        1.097         -2.590000088
-0.551833333   1.103666667   -2.592449132
-0.555166667   1.110333333   -2.593537596
-0.555166667   1.110333333   -2.593537596
-0.5585        1.117         -2.592721248
-0.561833333   1.123666667   -2.590272204
-0.565166667   1.130333333   -2.58646258
-0.5685        1.137         -2.581292376
